, 23, 51), '2969')
, 0, 2), 'off')
, 0, 46), 'on')
, 23, 48), '2969')
0, 0, 1), 'off')
0, 0, 13), 'on')
0, 0, 19), 'off')
0, 0, 56), 'on')
1, 0, 0), '2969')
1, 0, 18), 'off')
1, 0, 20), 'on')
1, 0, 46), 'off')
1, 0, 48), 'on')
, 23, 57), '2969')
, 0, 39), 'off')
, 0, 55), 'on')
7, 0, 3), '2969')
7, 0, 25), 'off')
7, 0, 43), 'on')
7, 0, 49), 'off')
7, 0, 52), 'on')
8, 0, 0), '2969')
8, 0, 47), 'off')
8, 0, 52), 'on')
, 23, 54), '2969')
0, 0, 5), 'off')
0, 0, 31), 'on')
0, 0, 35), 'off')
0, 0, 37), 'on')
0, 0, 47), 'off')
0, 0, 56), 'on')
, 0, 0), '2969')
, 0, 19), 'off')
, 0, 26), 'on')
, 0, 43), 'off')
, 0, 49), 'on')
3, 0, 0), '2969')
3, 0, 18), 'off')
3, 0, 34), 'on')
3, 0, 44), 'off')
3, 0, 57), 'on')
, 0, 3), '2969')
, 0, 25), 'off')
, 0, 30), 'on')
, 0, 1), '2969')
, 0, 25), 'off')
, 0, 55), 'on')
6, 0, 2), '2969')
6, 0, 43), 'off')
6, 0, 52), 'on')
2, 0, 2), '2969')
2, 0, 46), 'off')
2, 0, 51), 'on')
2, 0, 54), 'off')
2, 0, 56), 'on')
4, 23, 53), '2969')
5, 0, 2), 'off')
5, 0, 48), 'on')
, 0, 4), '2969')
, 0, 38), 'off')
, 0, 53), 'on')
, 23, 56), '2969')
, 0, 43), 'off')
, 0, 48), 'on')
, 0, 51), 'off')
, 0, 56), 'on')
1, 23, 58), '2969')
2, 0, 14), 'off')
2, 0, 27), 'on')
2, 0, 37), 'off')
2, 0, 59), 'on')
0, 23, 48), '2969')
1, 0, 5), 'off')
1, 0, 9), 'on')
0, 23, 59), '2969')
1, 0, 24), 'off')
1, 0, 54), 'on')
, 0, 2), '2969')
, 0, 44), 'off')
, 0, 49), 'on')
0, 4), '2969')
0, 45), 'off')
0, 50), 'on')
23, 58), '2969')
0, 18), 'off')
0, 35), 'on')
0, 40), 'off')
0, 48), 'on')
0, 0), '2969')
0, 27), 'off')
0, 53), 'on')